	B19	B18	A4	A29	A10	B13	B17	A14	A30	B12	A12	A16	B21	A19	B24	A5	B14	B26	A3	A27	A9	B28	B4	A22	B2	B1	A31	A17	A20	A28	B10	A26	B11	B29	B9	A18	A15	B8	B3	A24	B25	B15	A6	B27	A1	B20	A7	B16	A13	A8	A32	A25	B6	B7	A2	B23
B19	0.0	0.34372174	0.349139847333	0.256445794667	0.454298928	0.652645060667	0.556963386	0.423316328	0.439376825333	0.361170518	0.42755853	0.292545881333	0.338360869333	0.304962223333	0.356764301333	0.2414116	0.274354803333	0.23244562	0.292892456	0.281902188667	0.280441678667	0.289987084	0.589448089333	0.426313532667	0.333849437333	0.279956704667	0.327389076	0.236557332	0.290773348	0.384558294	0.286705199333	0.286600953333	0.290140087333	0.323812103333	0.293668620667	0.262131197333	0.292639240667	0.442974684	0.27443523	0.46280869	0.272174432	0.331241341333	0.275770876667	0.481615652	0.665973934667	0.675489448	0.344258882667	0.278822824	0.328794376667	0.275355418	0.462880793333	0.25060945	0.297796652667	0.329295293333	0.300927492667	0.303822382667
B18	0.34372174	0.0	0.341637643333	0.237596349333	0.391537189333	0.519272639333	0.504704772667	0.234021729333	0.220167702667	0.305204938	0.243739734	0.273411069333	0.248113505333	0.333503663333	0.489242665333	0.416634126667	0.350127636667	0.344863282667	0.499481326667	0.320330698	0.22009666	0.292210968	0.567888385333	0.351119655333	0.331937106667	0.374574454	0.290400912	0.184579694667	0.30929236	0.325888448667	0.288620244667	0.283979753333	0.349345635333	0.308513836667	0.280468815333	0.313112429333	0.205174854	0.254130837333	0.170478698	0.275440938	0.195249358667	0.309362230667	0.354406091333	0.358034413333	0.580090986667	0.579931213333	0.422721182667	0.204839401333	0.204584316667	0.28721633	0.249522825333	0.297199138	0.387621103333	0.376489813333	0.200254382	0.3724247
A4	0.349139847333	0.341637643333	0.0	0.213000634	0.520283492667	0.688912013333	0.67667776	0.437156355333	0.444352744667	0.481622272	0.456447132	0.251671822	0.434394568667	0.217045738667	0.415134698	0.335418603333	0.371295886667	0.253011232667	0.395531931333	0.193349182667	0.206886294	0.331694598	0.706963486	0.433213701333	0.176688544667	0.319595902667	0.410710032667	0.326908426	0.170499279333	0.426883164	0.168293373333	0.206173094	0.331173649333	0.153570464	0.175387425333	0.23612731	0.297431118667	0.456670082	0.3389756	0.470910706667	0.306199586	0.276960099333	0.286518198667	0.562829343333	0.742353863333	0.768048192667	0.227474802	0.21368567	0.279457717333	0.203794437333	0.471536235333	0.368788334667	0.238215522667	0.281525172667	0.236453012	0.246663072667
A29	0.256445794667	0.237596349333	0.213000634	0.0	0.439694154667	0.578697334	0.547461576667	0.331416833333	0.340110812	0.356440638	0.342032254	0.254256990667	0.313980142667	0.160092059333	0.393137661333	0.317036493333	0.28450767	0.202342792	0.386329217333	0.147891146	0.104590397333	0.272254113333	0.597119670667	0.334617443333	0.215614138667	0.275762314	0.276204804	0.193502346667	0.131036430667	0.313040456667	0.165304023333	0.176122242667	0.233227751333	0.175901768667	0.145600576667	0.210796608	0.175358135333	0.351548570667	0.176872468667	0.370159312667	0.189294689333	0.254010753333	0.282763763333	0.449938137333	0.627393470667	0.672649154667	0.272009801333	0.122633222667	0.202566114	0.160866172667	0.372293056	0.238413902	0.207788667333	0.191381401333	0.141635732667	0.26440574
A10	0.454298928	0.391537189333	0.520283492667	0.439694154667	0.0	0.446816295333	0.245553791333	0.266148061333	0.254139669333	0.20155615	0.244315834	0.562010954667	0.273197049333	0.493657603333	0.610301732	0.501715870667	0.441015260667	0.504109669333	0.543218770667	0.526997714	0.421831589333	0.570236809333	0.421671177333	0.315243423333	0.554758370667	0.58762441	0.480123565333	0.417590262667	0.490128692	0.343514515333	0.472714683333	0.505016124	0.386767928667	0.520075260667	0.534696618	0.573471933333	0.462399806	0.266473584	0.407497211333	0.413664806	0.314103746667	0.591636194667	0.592268196667	0.202261521333	0.45457364	0.328082364	0.521568381333	0.410446133333	0.308602622	0.531021896667	0.387426158667	0.427059072667	0.474425584667	0.568421437333	0.363912940667	0.416871602667
B13	0.652645060667	0.519272639333	0.688912013333	0.578697334	0.446816295333	0.0	0.422838590667	0.382149092667	0.367959006	0.437184488	0.358567605333	0.63641877	0.438989403333	0.670478468	0.77660993	0.674383743333	0.580583758667	0.663881919333	0.783586858	0.644747509333	0.565543967333	0.581345992667	0.158152391333	0.379949045333	0.665497214	0.713176208	0.49211087	0.51186949	0.638519202	0.394450561333	0.622259501333	0.630014578	0.661497376	0.644268692	0.645385405333	0.668293986	0.491778077333	0.370401335333	0.508707497333	0.325505576	0.541368068667	0.660987954	0.658059104	0.342114247333	0.134734623333	0.456597619333	0.740300156667	0.553724135333	0.504951092	0.645566238667	0.466460263333	0.603613388	0.705549293333	0.675423380667	0.533481272	0.694781936667
B17	0.556963386	0.504704772667	0.67667776	0.547461576667	0.245553791333	0.422838590667	0.0	0.357588024667	0.351588919333	0.301733149333	0.319146630667	0.658485462	0.358462511333	0.567911009333	0.670692291333	0.580032247333	0.591444262667	0.595732756667	0.620059836667	0.633990142667	0.545112696667	0.643258672667	0.406689723333	0.468924390667	0.706833315333	0.635751185333	0.525473744667	0.497000900667	0.613601796667	0.485468573333	0.638970084	0.587334992667	0.470211429333	0.660415953333	0.656813221333	0.635705296667	0.5839641	0.352236292667	0.464636718667	0.502603024	0.458491804667	0.676757919333	0.671652753333	0.270485156667	0.394711258	0.245760706	0.664558072667	0.567909815333	0.455698544	0.616486088	0.491555175333	0.503897997333	0.566766621333	0.651970642	0.530133652	0.583106372667
A14	0.423316328	0.234021729333	0.437156355333	0.331416833333	0.266148061333	0.382149092667	0.357588024667	0.0	0.154961956	0.194861284667	0.131829254	0.413051022667	0.195321873333	0.428497158	0.541894326667	0.467354677333	0.432618331333	0.427702917333	0.563549538667	0.418303347333	0.297960604	0.402041222667	0.434781821333	0.280716219333	0.449740772	0.491353163333	0.366846656	0.285992662667	0.404017352	0.291652807333	0.382282120667	0.395772449333	0.416704991333	0.412586798	0.405755552667	0.433412561333	0.34262645	0.163231268	0.260649726	0.235670908667	0.277635502667	0.430613022667	0.451147427333	0.226926830667	0.444246290667	0.452181370667	0.497869108	0.297315118667	0.265589940667	0.402611472667	0.245647828	0.374241207333	0.479749398	0.476959817333	0.286331634	0.469415712
A30	0.439376825333	0.220167702667	0.444352744667	0.340110812	0.254139669333	0.367959006	0.351588919333	0.154961956	0.0	0.206675002	0.089590934	0.373949593333	0.187921218667	0.452286944667	0.5747419	0.497606325333	0.452428806	0.455136232	0.587974989333	0.435774867333	0.326917710667	0.371053354667	0.426568204	0.311806642	0.438619622667	0.485540867333	0.367509517333	0.277982526667	0.423864488	0.337289811333	0.393290923333	0.384897917333	0.434867660667	0.424561958	0.394302614	0.418685670667	0.323220851333	0.143910796	0.260047339333	0.208288443333	0.302398245333	0.394138253333	0.431972974	0.217757356	0.447369942667	0.447183554667	0.531079853333	0.306798224	0.274361736667	0.408043852667	0.174010221333	0.398502551333	0.490093554	0.482130412	0.305634324667	0.475805742667
B12	0.361170518	0.305204938	0.481622272	0.356440638	0.20155615	0.437184488	0.301733149333	0.194861284667	0.206675002	0.0	0.179341833333	0.45002965	0.163394120667	0.411604689333	0.497292663333	0.413056054	0.3478401	0.391396762	0.481969644667	0.425292576	0.343206202	0.448959334	0.386522154	0.265638109333	0.48388711	0.472534472	0.348789071333	0.283963835333	0.415992316667	0.2696661	0.414632658667	0.43542503	0.341073916	0.439948688	0.443863397333	0.45680379	0.373418686667	0.200828512667	0.286106008	0.310905005333	0.231511627333	0.488108363333	0.468881846667	0.214835876667	0.444639920667	0.420896731333	0.447662680667	0.331705958	0.27030024	0.432255598667	0.319521435333	0.310537024	0.410359210667	0.479282342	0.313558044	0.407982394
A12	0.42755853	0.243739734	0.456447132	0.342032254	0.244315834	0.358567605333	0.319146630667	0.131829254	0.089590934	0.179341833333	0.0	0.396198908667	0.181657006	0.452824169333	0.574749463333	0.496530852667	0.457537662667	0.459281831333	0.579042214	0.437122853333	0.327376436667	0.374861864667	0.418963688667	0.318069409333	0.457037143333	0.490696904	0.37343937	0.276232512667	0.423086038	0.32290964	0.404139294667	0.391138132667	0.433038278667	0.427976801333	0.406808788	0.425979374	0.325513614667	0.125945586	0.257893769333	0.227301328	0.305021758	0.423339587333	0.433796184	0.206640595333	0.419309227333	0.436997594	0.53067569	0.31634699	0.285028870667	0.416756696	0.216744315333	0.387304014667	0.490052238667	0.485494103333	0.306323950667	0.487894654
A16	0.292545881333	0.273411069333	0.251671822	0.254256990667	0.562010954667	0.63641877	0.658485462	0.413051022667	0.373949593333	0.45002965	0.396198908667	0.0	0.378679861333	0.32006835	0.424578534667	0.304892010667	0.36486475	0.259443612	0.421664413333	0.237769391333	0.277830765333	0.174376454667	0.649712661333	0.478974766	0.213893642667	0.272074527333	0.373237618667	0.223451490667	0.249439834667	0.455631026	0.253391139333	0.232564772	0.404494532667	0.239513806	0.178704515333	0.193619701333	0.246841652667	0.412828717333	0.265905804667	0.366967332667	0.3358935	0.155825748	0.171726018	0.528787678667	0.699136201333	0.760663722667	0.353289157333	0.251471398667	0.364266212667	0.187607344667	0.348486084	0.31201093	0.343001804667	0.305538864	0.293579331333	0.348156844
B21	0.338360869333	0.248113505333	0.434394568667	0.313980142667	0.273197049333	0.438989403333	0.358462511333	0.195321873333	0.187921218667	0.163394120667	0.181657006	0.378679861333	0.0	0.396818956667	0.481620650667	0.402421310667	0.359568551333	0.357835409333	0.492210409333	0.389312307333	0.317318690667	0.375049493333	0.419146264	0.277809294	0.413197030667	0.418973588667	0.314299616	0.218183796	0.381655864	0.284228106	0.363858039333	0.386236381333	0.344331235333	0.409961056667	0.392993512667	0.410516577333	0.332156082	0.163511744	0.22237521	0.249721083333	0.222123952	0.412530490667	0.399424660667	0.253066534667	0.469005936	0.468850228	0.44690896	0.288707681333	0.241552768667	0.390791491333	0.251763825333	0.279278128667	0.413565680667	0.438190088	0.275471739333	0.398189785333
A19	0.304962223333	0.333503663333	0.217045738667	0.160092059333	0.493657603333	0.670478468	0.567911009333	0.428497158	0.452286944667	0.411604689333	0.452824169333	0.32006835	0.396818956667	0.0	0.377511986	0.341797854	0.333003804	0.220321722	0.363191946	0.162400345333	0.195443867333	0.354162135333	0.662205380667	0.381650154667	0.250624062	0.265690816	0.325230754	0.294219154	0.125234255333	0.360503272	0.169902861333	0.16181115	0.212858337333	0.143905350667	0.198421890667	0.254228482	0.282174145333	0.458513007333	0.287500545333	0.478460817333	0.233492538	0.314746480667	0.351109828	0.497465554	0.683300324667	0.71897155	0.205189608667	0.205933156667	0.247643322667	0.202013749333	0.482107522	0.290535761333	0.122927258667	0.196071900667	0.200677961333	0.212523862
B24	0.356764301333	0.489242665333	0.415134698	0.393137661333	0.610301732	0.77660993	0.670692291333	0.541894326667	0.5747419	0.497292663333	0.574749463333	0.424578534667	0.481620650667	0.377511986	0.0	0.30734304	0.402490378	0.281092418667	0.208050646667	0.378046518	0.403880117333	0.464849653333	0.700488332	0.535551175333	0.409870525333	0.239080888667	0.386410717333	0.404026489333	0.397376670667	0.491594951333	0.456826086	0.368995058667	0.329135615333	0.443151366	0.428196060667	0.315765852	0.450837815333	0.580392862667	0.38347643	0.591007743333	0.425883336	0.449071993333	0.411627835333	0.621187633333	0.790438856	0.825835097333	0.456353606667	0.439921005333	0.452432106	0.363784872667	0.605701961333	0.38627055	0.403216836667	0.302659849333	0.449601247333	0.474019974667
A5	0.2414116	0.416634126667	0.335418603333	0.317036493333	0.501715870667	0.674383743333	0.580032247333	0.467354677333	0.497606325333	0.413056054	0.496530852667	0.304892010667	0.402421310667	0.341797854	0.30734304	0.0	0.258374159333	0.215938769333	0.248132512	0.282340174	0.327980333333	0.331548326667	0.59285066	0.439104694	0.336048085333	0.313024807333	0.355881982667	0.310723736	0.307903902667	0.41242033	0.374287238	0.32444404	0.323988986	0.356822486	0.347105707333	0.288530184	0.340367539333	0.507492733333	0.32839029	0.498900054	0.334967490667	0.340466672	0.310462382	0.527586378667	0.686104381333	0.694319630667	0.358471193333	0.358476112	0.382754254	0.296749018	0.522164837333	0.299157862	0.320545780667	0.325174250667	0.375985782	0.3551669
B14	0.274354803333	0.350127636667	0.371295886667	0.28450767	0.441015260667	0.580583758667	0.591444262667	0.432618331333	0.452428806	0.3478401	0.457537662667	0.36486475	0.359568551333	0.333003804	0.402490378	0.258374159333	0.0	0.249020354	0.349784346	0.311904014667	0.282040335333	0.360878400667	0.490461707333	0.318890624	0.36354849	0.385764157333	0.265664818	0.282703535333	0.337824922	0.298652188	0.335691704	0.344944006	0.30350748	0.357287606667	0.362331812	0.355878666	0.22929042	0.465101399333	0.323847990667	0.409776614667	0.255685339333	0.410125239333	0.386039946667	0.477048240667	0.585783626	0.672542658	0.35509851	0.275312871333	0.310184065333	0.342670474667	0.473580264667	0.282060637333	0.32520086	0.345194472667	0.290066744	0.319004306
B26	0.23244562	0.344863282667	0.253011232667	0.202342792	0.504109669333	0.663881919333	0.595732756667	0.427702917333	0.455136232	0.391396762	0.459281831333	0.259443612	0.357835409333	0.220321722	0.281092418667	0.215938769333	0.249020354	0.0	0.256500746667	0.171799819333	0.238319693333	0.30273914	0.605440384	0.398613855333	0.252211934667	0.219031276667	0.276036225333	0.253700034667	0.208072713333	0.361808091333	0.271832507333	0.210157697333	0.278112615333	0.261645634	0.232738178	0.17587678	0.27432701	0.460544725333	0.259880986	0.461858903333	0.279577494667	0.279222472	0.271486538	0.512104896	0.673297037333	0.732161881333	0.294890248	0.264866613333	0.315008054	0.180298876667	0.481902124	0.264550383333	0.247474292667	0.199965790667	0.288854775333	0.325776374667
A3	0.292892456	0.499481326667	0.395531931333	0.386329217333	0.543218770667	0.783586858	0.620059836667	0.563549538667	0.587974989333	0.481969644667	0.579042214	0.421664413333	0.492210409333	0.363191946	0.208050646667	0.248132512	0.349784346	0.256500746667	0.0	0.375963392667	0.39295354	0.452220082667	0.696148744	0.516445135333	0.405795384	0.242297764667	0.381430674667	0.406383796	0.386133969333	0.488997267333	0.450110042	0.352126434667	0.295929031333	0.434638671333	0.420690944667	0.306336517333	0.436233748667	0.592161870667	0.401637588667	0.61164781	0.407880021333	0.461318613333	0.399286292667	0.609785513333	0.781738192	0.784711470667	0.432619865333	0.433069692	0.426791072667	0.364726259333	0.612950193333	0.389587543333	0.376458168667	0.293533258667	0.441694120667	0.429370446667
A27	0.281902188667	0.320330698	0.193349182667	0.147891146	0.526997714	0.644747509333	0.633990142667	0.418303347333	0.435774867333	0.425292576	0.437122853333	0.237769391333	0.389312307333	0.162400345333	0.378046518	0.282340174	0.311904014667	0.171799819333	0.375963392667	0.0	0.186401355333	0.277919878	0.645208351333	0.41097464	0.175021951333	0.2580688	0.310944707333	0.251464596667	0.094597894	0.361276078667	0.146875877333	0.165545123333	0.297235284	0.147033714667	0.122756882667	0.196843696667	0.23273098	0.444332211333	0.25577626	0.434283050667	0.263984459333	0.235704183333	0.259999989333	0.524585259333	0.682842387333	0.758297816667	0.206413251333	0.192266523333	0.28126764	0.142096646667	0.463276198	0.303688636	0.172562582667	0.146536427333	0.219899548	0.274647398
A9	0.280441678667	0.22009666	0.206886294	0.104590397333	0.421831589333	0.565543967333	0.545112696667	0.297960604	0.326917710667	0.343206202	0.327376436667	0.277830765333	0.317318690667	0.195443867333	0.403880117333	0.327980333333	0.282040335333	0.238319693333	0.39295354	0.186401355333	0.0	0.296087150667	0.606408904	0.332164542	0.250567446667	0.304939592667	0.283705653333	0.19179686	0.172598872	0.313316283333	0.181657840667	0.166778710667	0.228073718	0.182694934	0.185314940667	0.251092590667	0.179732664667	0.333725837333	0.18997233	0.363271848667	0.164855209333	0.289127497333	0.317085631333	0.435360805333	0.629900801333	0.66744242	0.283985301333	0.0963434946667	0.178969784667	0.190486567333	0.358914346667	0.254123428667	0.235730924667	0.259036278667	0.124240495333	0.261218652
B28	0.289987084	0.292210968	0.331694598	0.272254113333	0.570236809333	0.581345992667	0.643258672667	0.402041222667	0.371053354667	0.448959334	0.374861864667	0.174376454667	0.375049493333	0.354162135333	0.464849653333	0.331548326667	0.360878400667	0.30273914	0.452220082667	0.277919878	0.296087150667	0.0	0.608839361333	0.483295694	0.307729505333	0.338223574	0.380041306667	0.241453241333	0.295751845333	0.460635966	0.293063591333	0.272230084	0.422674666	0.314892423333	0.236715071333	0.250551429333	0.244576704667	0.397377617333	0.262368906	0.367022576667	0.360439682667	0.222352408	0.214609972667	0.515844089333	0.650006004	0.729913917333	0.415007761333	0.27945688	0.367279646	0.252503640667	0.346689436	0.338298720667	0.379795082	0.344859245333	0.320455792667	0.397013496
B4	0.589448089333	0.567888385333	0.706963486	0.597119670667	0.421671177333	0.158152391333	0.406689723333	0.434781821333	0.426568204	0.386522154	0.418963688667	0.649712661333	0.419146264	0.662205380667	0.700488332	0.59285066	0.490461707333	0.605440384	0.696148744	0.645208351333	0.606408904	0.608839361333	0.0	0.368942811333	0.700593266667	0.696253395333	0.472609628	0.52569464	0.665095469333	0.376688427333	0.664607183333	0.672412114667	0.606746574	0.683889434	0.673735308667	0.678247030667	0.535936620667	0.426908921333	0.523280091333	0.370782258	0.513653069333	0.699860737333	0.654821868667	0.362442704	0.154474049333	0.460892130667	0.706796793333	0.597144153333	0.520301619333	0.672657744667	0.535267284	0.557249056667	0.669805158	0.669136021333	0.578506768667	0.658846544
A22	0.426313532667	0.351119655333	0.433213701333	0.334617443333	0.315243423333	0.379949045333	0.468924390667	0.280716219333	0.311806642	0.265638109333	0.318069409333	0.478974766	0.277809294	0.381650154667	0.535551175333	0.439104694	0.318890624	0.398613855333	0.516445135333	0.41097464	0.332164542	0.483295694	0.368942811333	0.0	0.461824675333	0.496591049333	0.281851215333	0.348526864667	0.397580827333	0.121572916	0.391923325333	0.414033454	0.355450332	0.425315293333	0.435094772	0.479554447333	0.302094941333	0.324710176667	0.343732645333	0.224776065333	0.246273511333	0.504378755333	0.515268838667	0.346037326	0.396643763333	0.540634686	0.442371583333	0.334194846	0.240330662667	0.427473837333	0.367924864667	0.363910508	0.408665701333	0.440898071333	0.305708138667	0.410985071333
B2	0.333849437333	0.331937106667	0.176688544667	0.215614138667	0.554758370667	0.665497214	0.706833315333	0.449740772	0.438619622667	0.48388711	0.457037143333	0.213893642667	0.413197030667	0.250624062	0.409870525333	0.336048085333	0.36354849	0.252211934667	0.405795384	0.175021951333	0.250567446667	0.307729505333	0.700593266667	0.461824675333	0.0	0.271899144667	0.392081706667	0.278120134667	0.169830817333	0.436899434	0.161389118	0.22093394	0.36127219	0.152045627333	0.145453234	0.214323021333	0.268506036667	0.462847166667	0.31706131	0.451987742	0.309439269333	0.247609521333	0.227701955333	0.560240182667	0.72989836	0.790259490667	0.269461074667	0.211988969333	0.332602719333	0.163316714	0.455173792	0.352541828667	0.270860619333	0.258937464	0.235681164667	0.273424696
B1	0.279956704667	0.374574454	0.319595902667	0.275762314	0.58762441	0.713176208	0.635751185333	0.491353163333	0.485540867333	0.472534472	0.490696904	0.272074527333	0.418973588667	0.265690816	0.239080888667	0.313024807333	0.385764157333	0.219031276667	0.242297764667	0.2580688	0.304939592667	0.338223574	0.696253395333	0.496591049333	0.271899144667	0.0	0.308705526	0.277992416667	0.271718194	0.459392930667	0.303809484	0.232353202	0.311946245333	0.32000752	0.279486925333	0.191632219333	0.315322490667	0.496992246	0.287559681333	0.496734261333	0.353941555333	0.316082806	0.268384605333	0.575294664667	0.739789639333	0.801705800667	0.380308462	0.320265852667	0.381909525333	0.201383905333	0.513454940667	0.323171529333	0.320939464	0.188191031333	0.339001829333	0.395797142
A31	0.327389076	0.290400912	0.410710032667	0.276204804	0.480123565333	0.49211087	0.525473744667	0.366846656	0.367509517333	0.348789071333	0.37343937	0.373237618667	0.314299616	0.325230754	0.386410717333	0.355881982667	0.265664818	0.276036225333	0.381430674667	0.310944707333	0.283705653333	0.380041306667	0.472609628	0.281851215333	0.392081706667	0.308705526	0.0	0.233182146667	0.345115098667	0.255049311333	0.366583712667	0.312888772	0.302696183333	0.391020406	0.355577275333	0.300143629333	0.238080182	0.3817666	0.210786216667	0.298700407333	0.270537352	0.405459762667	0.388434404667	0.448184090667	0.510595598667	0.682854066667	0.460058176	0.304945209333	0.277918220667	0.300916355333	0.3996355	0.303707015333	0.388703239333	0.284716969333	0.295436276667	0.440452584
A17	0.236557332	0.184579694667	0.326908426	0.193502346667	0.417590262667	0.51186949	0.497000900667	0.285992662667	0.277982526667	0.283963835333	0.276232512667	0.223451490667	0.218183796	0.294219154	0.404026489333	0.310723736	0.282703535333	0.253700034667	0.406383796	0.251464596667	0.19179686	0.241453241333	0.52569464	0.348526864667	0.278120134667	0.277992416667	0.233182146667	0.0	0.256041038667	0.315365379333	0.248297482	0.254309098667	0.294770964667	0.282740920667	0.249839556667	0.258460630667	0.194679123333	0.284257450667	0.119488256667	0.300553791333	0.192346892	0.273716048	0.250352262	0.381142414667	0.562553634667	0.616135557333	0.366809041333	0.186015473333	0.221301166	0.246737491333	0.302533090667	0.20256791	0.326605667333	0.306946157333	0.178865587333	0.334720605333
A20	0.290773348	0.30929236	0.170499279333	0.131036430667	0.490128692	0.638519202	0.613601796667	0.404017352	0.423864488	0.415992316667	0.423086038	0.249439834667	0.381655864	0.125234255333	0.397376670667	0.307903902667	0.337824922	0.208072713333	0.386133969333	0.094597894	0.172598872	0.295751845333	0.665095469333	0.397580827333	0.169830817333	0.271718194	0.345115098667	0.256041038667	0.0	0.367987266	0.108406599333	0.157419309333	0.270223911333	0.109683374	0.121111528667	0.217066002667	0.246193031333	0.422735477333	0.261343640667	0.445558715333	0.243357386667	0.234453321333	0.273481698	0.507690597333	0.683276310667	0.737233778667	0.180637488	0.17035936	0.257170219333	0.148476978	0.452377150667	0.289500911333	0.142838395333	0.183080301333	0.179180060667	0.233382501333
A28	0.384558294	0.325888448667	0.426883164	0.313040456667	0.343514515333	0.394450561333	0.485468573333	0.291652807333	0.337289811333	0.2696661	0.32290964	0.455631026	0.284228106	0.360503272	0.491594951333	0.41242033	0.298652188	0.361808091333	0.488997267333	0.361276078667	0.313316283333	0.460635966	0.376688427333	0.121572916	0.436899434	0.459392930667	0.255049311333	0.315365379333	0.367987266	0.0	0.366872044	0.395385200667	0.357145849333	0.389301497333	0.394321152	0.422962248667	0.264433570667	0.342675526	0.311078753333	0.219716358667	0.241507355333	0.461158083333	0.47747304	0.353254839333	0.391042343333	0.570483678	0.413390960667	0.317098734	0.267347534667	0.383412369333	0.385037487333	0.331904073333	0.381134624	0.388611874	0.291767729333	0.410505534
B10	0.286705199333	0.288620244667	0.168293373333	0.165304023333	0.472714683333	0.622259501333	0.638970084	0.382282120667	0.393290923333	0.414632658667	0.404139294667	0.253391139333	0.363858039333	0.169902861333	0.456826086	0.374287238	0.335691704	0.271832507333	0.450110042	0.146875877333	0.181657840667	0.293063591333	0.664607183333	0.391923325333	0.161389118	0.303809484	0.366583712667	0.248297482	0.108406599333	0.366872044	0.0	0.197391587333	0.294868004	0.125237716	0.133904286667	0.26096265	0.248836838667	0.398964816667	0.279950186667	0.421550878667	0.235932647333	0.261379898	0.266487230667	0.485510075333	0.678975806	0.719454696667	0.198414512667	0.152515132667	0.246477896	0.1806803	0.417179343333	0.310669168	0.191263496	0.247622040667	0.157206504	0.207649602
A26	0.286600953333	0.283979753333	0.206173094	0.176122242667	0.505016124	0.630014578	0.587334992667	0.395772449333	0.384897917333	0.43542503	0.391138132667	0.232564772	0.386236381333	0.16181115	0.368995058667	0.32444404	0.344944006	0.210157697333	0.352126434667	0.165545123333	0.166778710667	0.272230084	0.672412114667	0.414033454	0.22093394	0.232353202	0.312888772	0.254309098667	0.157419309333	0.395385200667	0.197391587333	0.0	0.254424447333	0.180900742	0.167344142	0.187733741333	0.211365716667	0.398025436	0.250013196667	0.423520914	0.260093885333	0.240126393333	0.276891155333	0.520288204	0.696323096	0.743258430667	0.288681076	0.172510417333	0.256789746	0.141496036667	0.412477633333	0.31725047	0.202891156667	0.207546114667	0.209120500667	0.269352081333
B11	0.290140087333	0.349345635333	0.331173649333	0.233227751333	0.386767928667	0.661497376	0.470211429333	0.416704991333	0.434867660667	0.341073916	0.433038278667	0.404494532667	0.344331235333	0.212858337333	0.329135615333	0.323988986	0.30350748	0.278112615333	0.295929031333	0.297235284	0.228073718	0.422674666	0.606746574	0.355450332	0.36127219	0.311946245333	0.302696183333	0.294770964667	0.270223911333	0.357145849333	0.294868004	0.254424447333	0.0	0.315642930667	0.324793641333	0.339564366	0.322077256	0.431106922	0.284084433333	0.466569744	0.221901203333	0.418092502	0.425066897333	0.473413962	0.668164648667	0.636631575333	0.328740240667	0.253659800667	0.243873869333	0.307454121333	0.460528615333	0.262586149333	0.237397065333	0.304958494	0.242055784	0.254357775333
B29	0.323812103333	0.308513836667	0.153570464	0.175901768667	0.520075260667	0.644268692	0.660415953333	0.412586798	0.424561958	0.439948688	0.427976801333	0.239513806	0.409961056667	0.143905350667	0.443151366	0.356822486	0.357287606667	0.261645634	0.434638671333	0.147033714667	0.182694934	0.314892423333	0.683889434	0.425315293333	0.152045627333	0.32000752	0.391020406	0.282740920667	0.109683374	0.389301497333	0.125237716	0.180900742	0.315642930667	0.0	0.123908432	0.262720538	0.258589217333	0.434789052667	0.304190174667	0.451362718667	0.258419495333	0.262023535333	0.272934505333	0.527422083333	0.705725138	0.755775746	0.182267464667	0.180739740667	0.277920846667	0.184145764	0.456438446	0.327578973333	0.165326012	0.240050932667	0.183821626667	0.193796368667
B9	0.293668620667	0.280468815333	0.175387425333	0.145600576667	0.534696618	0.645385405333	0.656813221333	0.405755552667	0.394302614	0.443863397333	0.406808788	0.178704515333	0.392993512667	0.198421890667	0.428196060667	0.347105707333	0.362331812	0.232738178	0.420690944667	0.122756882667	0.185314940667	0.236715071333	0.673735308667	0.435094772	0.145453234	0.279486925333	0.355577275333	0.249839556667	0.121111528667	0.394321152	0.133904286667	0.167344142	0.324793641333	0.123908432	0.0	0.185089219333	0.220847292	0.410959688667	0.26093658	0.406289549333	0.281440794	0.193447927333	0.206745374667	0.534368759333	0.707634747333	0.768170415333	0.230026155333	0.183012238	0.2948152	0.127416914667	0.410628900667	0.315176113333	0.222712026667	0.205384163333	0.219793996	0.271430955333
A18	0.262131197333	0.313112429333	0.23612731	0.210796608	0.573471933333	0.668293986	0.635705296667	0.433412561333	0.418685670667	0.45680379	0.425979374	0.193619701333	0.410516577333	0.254228482	0.315765852	0.288530184	0.355878666	0.17587678	0.306336517333	0.196843696667	0.251092590667	0.250551429333	0.678247030667	0.479554447333	0.214323021333	0.191632219333	0.300143629333	0.258460630667	0.217066002667	0.422962248667	0.26096265	0.187733741333	0.339564366	0.262720538	0.185089219333	0.0	0.256447295333	0.446957153333	0.249113259333	0.420549426	0.350463950667	0.208459089333	0.213203860667	0.55442904	0.717426902667	0.790813832	0.344163728	0.261075464	0.360868086	0.137744624667	0.434708617333	0.321060354	0.293846199333	0.212288452	0.298816912667	0.373929541333
A15	0.292639240667	0.205174854	0.297431118667	0.175358135333	0.462399806	0.491778077333	0.5839641	0.34262645	0.323220851333	0.373418686667	0.325513614667	0.246841652667	0.332156082	0.282174145333	0.450837815333	0.340367539333	0.22929042	0.27432701	0.436233748667	0.23273098	0.179732664667	0.244576704667	0.535936620667	0.302094941333	0.268506036667	0.315322490667	0.238080182	0.194679123333	0.246193031333	0.264433570667	0.248836838667	0.211365716667	0.322077256	0.258589217333	0.220847292	0.256447295333	0.0	0.356475572667	0.211859149333	0.271659408	0.241627424667	0.276032827333	0.303057561333	0.459244654	0.551695060667	0.691273547333	0.369067886	0.174401016667	0.258886418667	0.214273012	0.34947451	0.283772064	0.315250325333	0.26327829	0.192452285333	0.33778497
B8	0.442974684	0.254130837333	0.456670082	0.351548570667	0.266473584	0.370401335333	0.352236292667	0.163231268	0.143910796	0.200828512667	0.125945586	0.412828717333	0.163511744	0.458513007333	0.580392862667	0.507492733333	0.465101399333	0.460544725333	0.592161870667	0.444332211333	0.333725837333	0.397377617333	0.426908921333	0.324710176667	0.462847166667	0.496992246	0.3817666	0.284257450667	0.422735477333	0.342675526	0.398964816667	0.398025436	0.431106922	0.434789052667	0.410959688667	0.446957153333	0.356475572667	0.0	0.271466326	0.257788215333	0.304984101333	0.442954121333	0.448496659333	0.209620885333	0.448204929333	0.442195581333	0.534697706667	0.314914506667	0.273122712667	0.423392204667	0.237101958667	0.382166786	0.502508011333	0.498468192	0.307980272667	0.486758397333
B3	0.27443523	0.170478698	0.3389756	0.176872468667	0.407497211333	0.508707497333	0.464636718667	0.260649726	0.260047339333	0.286106008	0.257893769333	0.265905804667	0.22237521	0.287500545333	0.38347643	0.32839029	0.323847990667	0.259880986	0.401637588667	0.25577626	0.18997233	0.262368906	0.523280091333	0.343732645333	0.31706131	0.287559681333	0.210786216667	0.119488256667	0.261343640667	0.311078753333	0.279950186667	0.250013196667	0.284084433333	0.304190174667	0.26093658	0.249113259333	0.211859149333	0.271466326	0.0	0.288147306667	0.195205084667	0.29658817	0.282210849333	0.368603972667	0.562734771333	0.608060322	0.398986700667	0.205635919333	0.205838842667	0.235736492	0.285702994	0.230130529333	0.331662028	0.303339931333	0.191251678667	0.366077002
A24	0.46280869	0.275440938	0.470910706667	0.370159312667	0.413664806	0.325505576	0.502603024	0.235670908667	0.208288443333	0.310905005333	0.227301328	0.366967332667	0.249721083333	0.478460817333	0.591007743333	0.498900054	0.409776614667	0.461858903333	0.61164781	0.434283050667	0.363271848667	0.367022576667	0.370782258	0.224776065333	0.451987742	0.496734261333	0.298700407333	0.300553791333	0.445558715333	0.219716358667	0.421550878667	0.423520914	0.466569744	0.451362718667	0.406289549333	0.420549426	0.271659408	0.257788215333	0.288147306667	0.0	0.347451146	0.39087175	0.447617950667	0.360548652667	0.39397623	0.58958085	0.551659772667	0.349818674	0.346351197333	0.410597076	0.240618260667	0.39817606	0.516478765333	0.461702798	0.349624970667	0.512399376667
B25	0.272174432	0.195249358667	0.306199586	0.189294689333	0.314103746667	0.541368068667	0.458491804667	0.277635502667	0.302398245333	0.231511627333	0.305021758	0.3358935	0.222123952	0.233492538	0.425883336	0.334967490667	0.255685339333	0.279577494667	0.407880021333	0.263984459333	0.164855209333	0.360439682667	0.513653069333	0.246273511333	0.309439269333	0.353941555333	0.270537352	0.192346892	0.243357386667	0.241507355333	0.235932647333	0.260093885333	0.221901203333	0.258419495333	0.281440794	0.350463950667	0.241627424667	0.304984101333	0.195205084667	0.347451146	0.0	0.373033594667	0.371415454	0.334411025333	0.55603354	0.555425837333	0.2900748	0.151139208	0.127391044667	0.276721912667	0.329593402667	0.223594295333	0.249887123333	0.332022246667	0.139313294	0.24887024
B15	0.331241341333	0.309362230667	0.276960099333	0.254010753333	0.591636194667	0.660987954	0.676757919333	0.430613022667	0.394138253333	0.488108363333	0.423339587333	0.155825748	0.412530490667	0.314746480667	0.449071993333	0.340466672	0.410125239333	0.279222472	0.461318613333	0.235704183333	0.289127497333	0.222352408	0.699860737333	0.504378755333	0.247609521333	0.316082806	0.405459762667	0.273716048	0.234453321333	0.461158083333	0.261379898	0.240126393333	0.418092502	0.262023535333	0.193447927333	0.208459089333	0.276032827333	0.442954121333	0.29658817	0.39087175	0.373033594667	0.0	0.217981839333	0.56374748	0.735926333333	0.787217173333	0.354147350667	0.282310448	0.389106586	0.199538346	0.302226926667	0.343143291333	0.319801076667	0.300916765333	0.318036782	0.384048588
A6	0.275770876667	0.354406091333	0.286518198667	0.282763763333	0.592268196667	0.658059104	0.671652753333	0.451147427333	0.431972974	0.468881846667	0.433796184	0.171726018	0.399424660667	0.351109828	0.411627835333	0.310462382	0.386039946667	0.271486538	0.399286292667	0.259999989333	0.317085631333	0.214609972667	0.654821868667	0.515268838667	0.227701955333	0.268384605333	0.388434404667	0.250352262	0.273481698	0.47747304	0.266487230667	0.276891155333	0.425066897333	0.272934505333	0.206745374667	0.213203860667	0.303057561333	0.448496659333	0.282210849333	0.447617950667	0.371415454	0.217981839333	0.0	0.535011072667	0.709432080667	0.77644737	0.370939035333	0.295574307333	0.385671081333	0.2075065	0.41296391	0.363061862667	0.368690469333	0.333034176667	0.331718566667	0.380091339333
B27	0.481615652	0.358034413333	0.562829343333	0.449938137333	0.202261521333	0.342114247333	0.270485156667	0.226926830667	0.217757356	0.214835876667	0.206640595333	0.528787678667	0.253066534667	0.497465554	0.621187633333	0.527586378667	0.477048240667	0.512104896	0.609785513333	0.524585259333	0.435360805333	0.515844089333	0.362442704	0.346037326	0.560240182667	0.575294664667	0.448184090667	0.381142414667	0.507690597333	0.353254839333	0.485510075333	0.520288204	0.473413962	0.527422083333	0.534368759333	0.55442904	0.459244654	0.209620885333	0.368603972667	0.360548652667	0.334411025333	0.56374748	0.535011072667	0.0	0.368642277333	0.324640958667	0.559185444	0.419337494667	0.324605143333	0.529421591333	0.341809606667	0.438945283333	0.533421743333	0.575218422667	0.379335398	0.513154254667
A1	0.665973934667	0.580090986667	0.742353863333	0.627393470667	0.45457364	0.134734623333	0.394711258	0.444246290667	0.447369942667	0.444639920667	0.419309227333	0.699136201333	0.469005936	0.683300324667	0.790438856	0.686104381333	0.585783626	0.673297037333	0.781738192	0.682842387333	0.629900801333	0.650006004	0.154474049333	0.396643763333	0.72989836	0.739789639333	0.510595598667	0.562553634667	0.683276310667	0.391042343333	0.678975806	0.696323096	0.668164648667	0.705725138	0.707634747333	0.717426902667	0.551695060667	0.448204929333	0.562734771333	0.39397623	0.55603354	0.735926333333	0.709432080667	0.368642277333	0.0	0.420651336	0.750667269333	0.619071298667	0.537768738	0.702320874	0.553121702667	0.621363567333	0.721033254	0.703733034667	0.58915141	0.714115912
B20	0.675489448	0.579931213333	0.768048192667	0.672649154667	0.328082364	0.456597619333	0.245760706	0.452181370667	0.447183554667	0.420896731333	0.436997594	0.760663722667	0.468850228	0.71897155	0.825835097333	0.694319630667	0.672542658	0.732161881333	0.784711470667	0.758297816667	0.66744242	0.729913917333	0.460892130667	0.540634686	0.790259490667	0.801705800667	0.682854066667	0.616135557333	0.737233778667	0.570483678	0.719454696667	0.743258430667	0.636631575333	0.755775746	0.768170415333	0.790813832	0.691273547333	0.442195581333	0.608060322	0.58958085	0.555425837333	0.787217173333	0.77644737	0.324640958667	0.420651336	0.0	0.754156564	0.653526857333	0.550486239333	0.762610427333	0.560638921333	0.637788962	0.709436687333	0.802432781333	0.615858814	0.662960685333
A7	0.344258882667	0.422721182667	0.227474802	0.272009801333	0.521568381333	0.740300156667	0.664558072667	0.497869108	0.531079853333	0.447662680667	0.53067569	0.353289157333	0.44690896	0.205189608667	0.456353606667	0.358471193333	0.35509851	0.294890248	0.432619865333	0.206413251333	0.283985301333	0.415007761333	0.706796793333	0.442371583333	0.269461074667	0.380308462	0.460058176	0.366809041333	0.180637488	0.413390960667	0.198414512667	0.288681076	0.328740240667	0.182267464667	0.230026155333	0.344163728	0.369067886	0.534697706667	0.398986700667	0.551659772667	0.2900748	0.354147350667	0.370939035333	0.559185444	0.750667269333	0.754156564	0.0	0.269481774667	0.338144015333	0.280178751333	0.559273964	0.354280227333	0.144466846	0.299763716	0.278884700667	0.206511489333
B16	0.278822824	0.204839401333	0.21368567	0.122633222667	0.410446133333	0.553724135333	0.567909815333	0.297315118667	0.306798224	0.331705958	0.31634699	0.251471398667	0.288707681333	0.205933156667	0.439921005333	0.358476112	0.275312871333	0.264866613333	0.433069692	0.192266523333	0.0963434946667	0.27945688	0.597144153333	0.334194846	0.211988969333	0.320265852667	0.304945209333	0.186015473333	0.17035936	0.317098734	0.152515132667	0.172510417333	0.253659800667	0.180739740667	0.183012238	0.261075464	0.174401016667	0.314914506667	0.205635919333	0.349818674	0.151139208	0.282310448	0.295574307333	0.419337494667	0.619071298667	0.653526857333	0.269481774667	0.0	0.186707560667	0.185302595333	0.337242777333	0.26785053	0.24718965	0.278673137333	0.104716276667	0.228664501333
A13	0.328794376667	0.204584316667	0.279457717333	0.202566114	0.308602622	0.504951092	0.455698544	0.265589940667	0.274361736667	0.27030024	0.285028870667	0.364266212667	0.241552768667	0.247643322667	0.452432106	0.382754254	0.310184065333	0.315008054	0.426791072667	0.28126764	0.178969784667	0.367279646	0.520301619333	0.240330662667	0.332602719333	0.381909525333	0.277918220667	0.221301166	0.257170219333	0.267347534667	0.246477896	0.256789746	0.243873869333	0.277920846667	0.2948152	0.360868086	0.258886418667	0.273122712667	0.205838842667	0.346351197333	0.127391044667	0.389106586	0.385671081333	0.324605143333	0.537768738	0.550486239333	0.338144015333	0.186707560667	0.0	0.309526001333	0.298846466	0.284087086667	0.29006806	0.344065967333	0.141283368	0.278132655333
A8	0.275355418	0.28721633	0.203794437333	0.160866172667	0.531021896667	0.645566238667	0.616486088	0.402611472667	0.408043852667	0.432255598667	0.416756696	0.187607344667	0.390791491333	0.202013749333	0.363784872667	0.296749018	0.342670474667	0.180298876667	0.364726259333	0.142096646667	0.190486567333	0.252503640667	0.672657744667	0.427473837333	0.163316714	0.201383905333	0.300916355333	0.246737491333	0.148476978	0.383412369333	0.1806803	0.141496036667	0.307454121333	0.184145764	0.127416914667	0.137744624667	0.214273012	0.423392204667	0.235736492	0.410597076	0.276721912667	0.199538346	0.2075065	0.529421591333	0.702320874	0.762610427333	0.280178751333	0.185302595333	0.309526001333	0.0	0.429206184667	0.297839230667	0.2409728	0.196772064667	0.237046138667	0.305432538
A32	0.462880793333	0.249522825333	0.471536235333	0.372293056	0.387426158667	0.466460263333	0.491555175333	0.245647828	0.174010221333	0.319521435333	0.216744315333	0.348486084	0.251763825333	0.482107522	0.605701961333	0.522164837333	0.473580264667	0.481902124	0.612950193333	0.463276198	0.358914346667	0.346689436	0.535267284	0.367924864667	0.455173792	0.513454940667	0.3996355	0.302533090667	0.452377150667	0.385037487333	0.417179343333	0.412477633333	0.460528615333	0.456438446	0.410628900667	0.434708617333	0.34947451	0.237101958667	0.285702994	0.240618260667	0.329593402667	0.302226926667	0.41296391	0.341809606667	0.553121702667	0.560638921333	0.559273964	0.337242777333	0.298846466	0.429206184667	0.0	0.419941222	0.516283082	0.511568737333	0.329599902	0.499673869333
